{
 "cells": [
  {
   "cell_type": "code",
   "execution_count": 59,
   "id": "d43dfd99-e49a-4804-b37b-1292096298b9",
   "metadata": {},
   "outputs": [],
   "source": [
    "import numpy as np\n",
    "import pandas as pd"
   ]
  },
  {
   "cell_type": "code",
   "execution_count": 60,
   "id": "7d24fd81-aace-4524-b96e-d270e4a3659f",
   "metadata": {},
   "outputs": [
    {
     "data": {
      "text/html": [
       "<div>\n",
       "<style scoped>\n",
       "    .dataframe tbody tr th:only-of-type {\n",
       "        vertical-align: middle;\n",
       "    }\n",
       "\n",
       "    .dataframe tbody tr th {\n",
       "        vertical-align: top;\n",
       "    }\n",
       "\n",
       "    .dataframe thead th {\n",
       "        text-align: right;\n",
       "    }\n",
       "</style>\n",
       "<table border=\"1\" class=\"dataframe\">\n",
       "  <thead>\n",
       "    <tr style=\"text-align: right;\">\n",
       "      <th></th>\n",
       "      <th>date</th>\n",
       "      <th>open</th>\n",
       "      <th>high</th>\n",
       "      <th>low</th>\n",
       "      <th>close</th>\n",
       "      <th>volume</th>\n",
       "    </tr>\n",
       "  </thead>\n",
       "  <tbody>\n",
       "    <tr>\n",
       "      <th>0</th>\n",
       "      <td>2026-03-09T00:00:00+05:30</td>\n",
       "      <td>653.05</td>\n",
       "      <td>684.35</td>\n",
       "      <td>650.35</td>\n",
       "      <td>681.25</td>\n",
       "      <td>1444166.0</td>\n",
       "    </tr>\n",
       "    <tr>\n",
       "      <th>1</th>\n",
       "      <td>2026-03-06T00:00:00+05:30</td>\n",
       "      <td>697.50</td>\n",
       "      <td>697.50</td>\n",
       "      <td>663.75</td>\n",
       "      <td>672.35</td>\n",
       "      <td>752277.0</td>\n",
       "    </tr>\n",
       "    <tr>\n",
       "      <th>2</th>\n",
       "      <td>2026-03-05T00:00:00+05:30</td>\n",
       "      <td>701.10</td>\n",
       "      <td>703.55</td>\n",
       "      <td>674.30</td>\n",
       "      <td>682.85</td>\n",
       "      <td>1712935.0</td>\n",
       "    </tr>\n",
       "    <tr>\n",
       "      <th>3</th>\n",
       "      <td>2026-03-04T00:00:00+05:30</td>\n",
       "      <td>701.20</td>\n",
       "      <td>703.80</td>\n",
       "      <td>674.30</td>\n",
       "      <td>700.85</td>\n",
       "      <td>1637001.0</td>\n",
       "    </tr>\n",
       "    <tr>\n",
       "      <th>4</th>\n",
       "      <td>2026-03-02T00:00:00+05:30</td>\n",
       "      <td>650.75</td>\n",
       "      <td>710.00</td>\n",
       "      <td>650.75</td>\n",
       "      <td>704.30</td>\n",
       "      <td>1950250.0</td>\n",
       "    </tr>\n",
       "  </tbody>\n",
       "</table>\n",
       "</div>"
      ],
      "text/plain": [
       "                        date    open    high     low   close     volume\n",
       "0  2026-03-09T00:00:00+05:30  653.05  684.35  650.35  681.25  1444166.0\n",
       "1  2026-03-06T00:00:00+05:30  697.50  697.50  663.75  672.35   752277.0\n",
       "2  2026-03-05T00:00:00+05:30  701.10  703.55  674.30  682.85  1712935.0\n",
       "3  2026-03-04T00:00:00+05:30  701.20  703.80  674.30  700.85  1637001.0\n",
       "4  2026-03-02T00:00:00+05:30  650.75  710.00  650.75  704.30  1950250.0"
      ]
     },
     "execution_count": 60,
     "metadata": {},
     "output_type": "execute_result"
    }
   ],
   "source": [
    "ather_stock = r\"C:\\Users\\hp\\Downloads\\ATHERENERG.NS_1Y_1DAY_FROM_PERPLEXITY.csv\"\n",
    "df = pd.read_csv(ather_stock)\n",
    "df.head()"
   ]
  },
  {
   "cell_type": "code",
   "execution_count": 61,
   "id": "166719a7-269a-4958-8dc0-f2024373b162",
   "metadata": {},
   "outputs": [],
   "source": [
    "from datetime import datetime, timedelta"
   ]
  },
  {
   "cell_type": "code",
   "execution_count": 62,
   "id": "08aebc64-eb4f-4cda-994e-b49894ea3f0a",
   "metadata": {},
   "outputs": [],
   "source": [
    "df['date'] = pd.to_datetime(df['date'])\n",
    "df.set_index('date', inplace=True)"
   ]
  },
  {
   "cell_type": "code",
   "execution_count": 63,
   "id": "aa6fcbde-96ae-419f-9d5e-7c55ae9dfff4",
   "metadata": {},
   "outputs": [],
   "source": [
    "df.rename(index = {'date':'Date'}, inplace=True)\n",
    "df.rename(columns = {'open':'Open', 'high':'High', 'low':'Low', 'close' : 'Close', 'volume':'Volume'}, inplace=True)"
   ]
  },
  {
   "cell_type": "code",
   "execution_count": 64,
   "id": "8e2ad6a2-3af1-4224-965d-67a65b150a51",
   "metadata": {},
   "outputs": [
    {
     "data": {
      "text/html": [
       "<div>\n",
       "<style scoped>\n",
       "    .dataframe tbody tr th:only-of-type {\n",
       "        vertical-align: middle;\n",
       "    }\n",
       "\n",
       "    .dataframe tbody tr th {\n",
       "        vertical-align: top;\n",
       "    }\n",
       "\n",
       "    .dataframe thead th {\n",
       "        text-align: right;\n",
       "    }\n",
       "</style>\n",
       "<table border=\"1\" class=\"dataframe\">\n",
       "  <thead>\n",
       "    <tr style=\"text-align: right;\">\n",
       "      <th></th>\n",
       "      <th>Open</th>\n",
       "      <th>High</th>\n",
       "      <th>Low</th>\n",
       "      <th>Close</th>\n",
       "      <th>Volume</th>\n",
       "    </tr>\n",
       "    <tr>\n",
       "      <th>Date</th>\n",
       "      <th></th>\n",
       "      <th></th>\n",
       "      <th></th>\n",
       "      <th></th>\n",
       "      <th></th>\n",
       "    </tr>\n",
       "  </thead>\n",
       "  <tbody>\n",
       "    <tr>\n",
       "      <th>2026-03-09 00:00:00+05:30</th>\n",
       "      <td>653.05</td>\n",
       "      <td>684.35</td>\n",
       "      <td>650.35</td>\n",
       "      <td>681.25</td>\n",
       "      <td>1444166.0</td>\n",
       "    </tr>\n",
       "    <tr>\n",
       "      <th>2026-03-06 00:00:00+05:30</th>\n",
       "      <td>697.50</td>\n",
       "      <td>697.50</td>\n",
       "      <td>663.75</td>\n",
       "      <td>672.35</td>\n",
       "      <td>752277.0</td>\n",
       "    </tr>\n",
       "    <tr>\n",
       "      <th>2026-03-05 00:00:00+05:30</th>\n",
       "      <td>701.10</td>\n",
       "      <td>703.55</td>\n",
       "      <td>674.30</td>\n",
       "      <td>682.85</td>\n",
       "      <td>1712935.0</td>\n",
       "    </tr>\n",
       "    <tr>\n",
       "      <th>2026-03-04 00:00:00+05:30</th>\n",
       "      <td>701.20</td>\n",
       "      <td>703.80</td>\n",
       "      <td>674.30</td>\n",
       "      <td>700.85</td>\n",
       "      <td>1637001.0</td>\n",
       "    </tr>\n",
       "    <tr>\n",
       "      <th>2026-03-02 00:00:00+05:30</th>\n",
       "      <td>650.75</td>\n",
       "      <td>710.00</td>\n",
       "      <td>650.75</td>\n",
       "      <td>704.30</td>\n",
       "      <td>1950250.0</td>\n",
       "    </tr>\n",
       "    <tr>\n",
       "      <th>...</th>\n",
       "      <td>...</td>\n",
       "      <td>...</td>\n",
       "      <td>...</td>\n",
       "      <td>...</td>\n",
       "      <td>...</td>\n",
       "    </tr>\n",
       "    <tr>\n",
       "      <th>2025-05-12 00:00:00+05:30</th>\n",
       "      <td>311.15</td>\n",
       "      <td>317.75</td>\n",
       "      <td>307.00</td>\n",
       "      <td>309.55</td>\n",
       "      <td>2114486.0</td>\n",
       "    </tr>\n",
       "    <tr>\n",
       "      <th>2025-05-09 00:00:00+05:30</th>\n",
       "      <td>297.85</td>\n",
       "      <td>309.00</td>\n",
       "      <td>295.65</td>\n",
       "      <td>300.20</td>\n",
       "      <td>1481489.0</td>\n",
       "    </tr>\n",
       "    <tr>\n",
       "      <th>2025-05-08 00:00:00+05:30</th>\n",
       "      <td>310.00</td>\n",
       "      <td>324.00</td>\n",
       "      <td>301.75</td>\n",
       "      <td>303.90</td>\n",
       "      <td>3680805.0</td>\n",
       "    </tr>\n",
       "    <tr>\n",
       "      <th>2025-05-07 00:00:00+05:30</th>\n",
       "      <td>289.90</td>\n",
       "      <td>329.75</td>\n",
       "      <td>288.15</td>\n",
       "      <td>309.95</td>\n",
       "      <td>9677723.0</td>\n",
       "    </tr>\n",
       "    <tr>\n",
       "      <th>2025-05-06 00:00:00+05:30</th>\n",
       "      <td>328.00</td>\n",
       "      <td>333.00</td>\n",
       "      <td>299.10</td>\n",
       "      <td>302.30</td>\n",
       "      <td>15001040.0</td>\n",
       "    </tr>\n",
       "  </tbody>\n",
       "</table>\n",
       "<p>211 rows × 5 columns</p>\n",
       "</div>"
      ],
      "text/plain": [
       "                             Open    High     Low   Close      Volume\n",
       "Date                                                                 \n",
       "2026-03-09 00:00:00+05:30  653.05  684.35  650.35  681.25   1444166.0\n",
       "2026-03-06 00:00:00+05:30  697.50  697.50  663.75  672.35    752277.0\n",
       "2026-03-05 00:00:00+05:30  701.10  703.55  674.30  682.85   1712935.0\n",
       "2026-03-04 00:00:00+05:30  701.20  703.80  674.30  700.85   1637001.0\n",
       "2026-03-02 00:00:00+05:30  650.75  710.00  650.75  704.30   1950250.0\n",
       "...                           ...     ...     ...     ...         ...\n",
       "2025-05-12 00:00:00+05:30  311.15  317.75  307.00  309.55   2114486.0\n",
       "2025-05-09 00:00:00+05:30  297.85  309.00  295.65  300.20   1481489.0\n",
       "2025-05-08 00:00:00+05:30  310.00  324.00  301.75  303.90   3680805.0\n",
       "2025-05-07 00:00:00+05:30  289.90  329.75  288.15  309.95   9677723.0\n",
       "2025-05-06 00:00:00+05:30  328.00  333.00  299.10  302.30  15001040.0\n",
       "\n",
       "[211 rows x 5 columns]"
      ]
     },
     "execution_count": 64,
     "metadata": {},
     "output_type": "execute_result"
    }
   ],
   "source": [
    "df.index.name = 'Date'\n",
    "df"
   ]
  },
  {
   "cell_type": "code",
   "execution_count": 65,
   "id": "675ebbf6-a43f-49de-94e8-24cdf4299b43",
   "metadata": {},
   "outputs": [],
   "source": [
    "df.dropna(inplace=True)"
   ]
  },
  {
   "cell_type": "code",
   "execution_count": 66,
   "id": "1e8d108a-ff07-4a49-b3b6-6f21500a3b57",
   "metadata": {},
   "outputs": [
    {
     "data": {
      "text/html": [
       "<div>\n",
       "<style scoped>\n",
       "    .dataframe tbody tr th:only-of-type {\n",
       "        vertical-align: middle;\n",
       "    }\n",
       "\n",
       "    .dataframe tbody tr th {\n",
       "        vertical-align: top;\n",
       "    }\n",
       "\n",
       "    .dataframe thead th {\n",
       "        text-align: right;\n",
       "    }\n",
       "</style>\n",
       "<table border=\"1\" class=\"dataframe\">\n",
       "  <thead>\n",
       "    <tr style=\"text-align: right;\">\n",
       "      <th></th>\n",
       "      <th>Open</th>\n",
       "      <th>High</th>\n",
       "      <th>Low</th>\n",
       "      <th>Close</th>\n",
       "      <th>Volume</th>\n",
       "    </tr>\n",
       "    <tr>\n",
       "      <th>Date</th>\n",
       "      <th></th>\n",
       "      <th></th>\n",
       "      <th></th>\n",
       "      <th></th>\n",
       "      <th></th>\n",
       "    </tr>\n",
       "  </thead>\n",
       "  <tbody>\n",
       "    <tr>\n",
       "      <th>2026-03-09 00:00:00+05:30</th>\n",
       "      <td>653.05</td>\n",
       "      <td>684.35</td>\n",
       "      <td>650.35</td>\n",
       "      <td>681.25</td>\n",
       "      <td>1444166.0</td>\n",
       "    </tr>\n",
       "    <tr>\n",
       "      <th>2026-03-06 00:00:00+05:30</th>\n",
       "      <td>697.50</td>\n",
       "      <td>697.50</td>\n",
       "      <td>663.75</td>\n",
       "      <td>672.35</td>\n",
       "      <td>752277.0</td>\n",
       "    </tr>\n",
       "    <tr>\n",
       "      <th>2026-03-05 00:00:00+05:30</th>\n",
       "      <td>701.10</td>\n",
       "      <td>703.55</td>\n",
       "      <td>674.30</td>\n",
       "      <td>682.85</td>\n",
       "      <td>1712935.0</td>\n",
       "    </tr>\n",
       "    <tr>\n",
       "      <th>2026-03-04 00:00:00+05:30</th>\n",
       "      <td>701.20</td>\n",
       "      <td>703.80</td>\n",
       "      <td>674.30</td>\n",
       "      <td>700.85</td>\n",
       "      <td>1637001.0</td>\n",
       "    </tr>\n",
       "    <tr>\n",
       "      <th>2026-03-02 00:00:00+05:30</th>\n",
       "      <td>650.75</td>\n",
       "      <td>710.00</td>\n",
       "      <td>650.75</td>\n",
       "      <td>704.30</td>\n",
       "      <td>1950250.0</td>\n",
       "    </tr>\n",
       "    <tr>\n",
       "      <th>...</th>\n",
       "      <td>...</td>\n",
       "      <td>...</td>\n",
       "      <td>...</td>\n",
       "      <td>...</td>\n",
       "      <td>...</td>\n",
       "    </tr>\n",
       "    <tr>\n",
       "      <th>2025-05-12 00:00:00+05:30</th>\n",
       "      <td>311.15</td>\n",
       "      <td>317.75</td>\n",
       "      <td>307.00</td>\n",
       "      <td>309.55</td>\n",
       "      <td>2114486.0</td>\n",
       "    </tr>\n",
       "    <tr>\n",
       "      <th>2025-05-09 00:00:00+05:30</th>\n",
       "      <td>297.85</td>\n",
       "      <td>309.00</td>\n",
       "      <td>295.65</td>\n",
       "      <td>300.20</td>\n",
       "      <td>1481489.0</td>\n",
       "    </tr>\n",
       "    <tr>\n",
       "      <th>2025-05-08 00:00:00+05:30</th>\n",
       "      <td>310.00</td>\n",
       "      <td>324.00</td>\n",
       "      <td>301.75</td>\n",
       "      <td>303.90</td>\n",
       "      <td>3680805.0</td>\n",
       "    </tr>\n",
       "    <tr>\n",
       "      <th>2025-05-07 00:00:00+05:30</th>\n",
       "      <td>289.90</td>\n",
       "      <td>329.75</td>\n",
       "      <td>288.15</td>\n",
       "      <td>309.95</td>\n",
       "      <td>9677723.0</td>\n",
       "    </tr>\n",
       "    <tr>\n",
       "      <th>2025-05-06 00:00:00+05:30</th>\n",
       "      <td>328.00</td>\n",
       "      <td>333.00</td>\n",
       "      <td>299.10</td>\n",
       "      <td>302.30</td>\n",
       "      <td>15001040.0</td>\n",
       "    </tr>\n",
       "  </tbody>\n",
       "</table>\n",
       "<p>211 rows × 5 columns</p>\n",
       "</div>"
      ],
      "text/plain": [
       "                             Open    High     Low   Close      Volume\n",
       "Date                                                                 \n",
       "2026-03-09 00:00:00+05:30  653.05  684.35  650.35  681.25   1444166.0\n",
       "2026-03-06 00:00:00+05:30  697.50  697.50  663.75  672.35    752277.0\n",
       "2026-03-05 00:00:00+05:30  701.10  703.55  674.30  682.85   1712935.0\n",
       "2026-03-04 00:00:00+05:30  701.20  703.80  674.30  700.85   1637001.0\n",
       "2026-03-02 00:00:00+05:30  650.75  710.00  650.75  704.30   1950250.0\n",
       "...                           ...     ...     ...     ...         ...\n",
       "2025-05-12 00:00:00+05:30  311.15  317.75  307.00  309.55   2114486.0\n",
       "2025-05-09 00:00:00+05:30  297.85  309.00  295.65  300.20   1481489.0\n",
       "2025-05-08 00:00:00+05:30  310.00  324.00  301.75  303.90   3680805.0\n",
       "2025-05-07 00:00:00+05:30  289.90  329.75  288.15  309.95   9677723.0\n",
       "2025-05-06 00:00:00+05:30  328.00  333.00  299.10  302.30  15001040.0\n",
       "\n",
       "[211 rows x 5 columns]"
      ]
     },
     "execution_count": 66,
     "metadata": {},
     "output_type": "execute_result"
    }
   ],
   "source": [
    "df"
   ]
  },
  {
   "cell_type": "code",
   "execution_count": 68,
   "id": "19b491e5-ba78-4a0d-a74d-d79bab416c8c",
   "metadata": {},
   "outputs": [
    {
     "data": {
      "text/html": [
       "<div>\n",
       "<style scoped>\n",
       "    .dataframe tbody tr th:only-of-type {\n",
       "        vertical-align: middle;\n",
       "    }\n",
       "\n",
       "    .dataframe tbody tr th {\n",
       "        vertical-align: top;\n",
       "    }\n",
       "\n",
       "    .dataframe thead th {\n",
       "        text-align: right;\n",
       "    }\n",
       "</style>\n",
       "<table border=\"1\" class=\"dataframe\">\n",
       "  <thead>\n",
       "    <tr style=\"text-align: right;\">\n",
       "      <th></th>\n",
       "      <th>Open</th>\n",
       "      <th>High</th>\n",
       "      <th>Low</th>\n",
       "      <th>Close</th>\n",
       "      <th>Volume</th>\n",
       "    </tr>\n",
       "    <tr>\n",
       "      <th>Date</th>\n",
       "      <th></th>\n",
       "      <th></th>\n",
       "      <th></th>\n",
       "      <th></th>\n",
       "      <th></th>\n",
       "    </tr>\n",
       "  </thead>\n",
       "  <tbody>\n",
       "    <tr>\n",
       "      <th>2026-03-06 00:00:00+05:30</th>\n",
       "      <td>0.068065</td>\n",
       "      <td>0.019215</td>\n",
       "      <td>0.020604</td>\n",
       "      <td>-0.013064</td>\n",
       "      <td>-0.479092</td>\n",
       "    </tr>\n",
       "    <tr>\n",
       "      <th>2026-03-05 00:00:00+05:30</th>\n",
       "      <td>0.005161</td>\n",
       "      <td>0.008674</td>\n",
       "      <td>0.015895</td>\n",
       "      <td>0.015617</td>\n",
       "      <td>1.277000</td>\n",
       "    </tr>\n",
       "    <tr>\n",
       "      <th>2026-03-04 00:00:00+05:30</th>\n",
       "      <td>0.000143</td>\n",
       "      <td>0.000355</td>\n",
       "      <td>0.000000</td>\n",
       "      <td>0.026360</td>\n",
       "      <td>-0.044330</td>\n",
       "    </tr>\n",
       "    <tr>\n",
       "      <th>2026-03-02 00:00:00+05:30</th>\n",
       "      <td>-0.071948</td>\n",
       "      <td>0.008809</td>\n",
       "      <td>-0.034925</td>\n",
       "      <td>0.004923</td>\n",
       "      <td>0.191355</td>\n",
       "    </tr>\n",
       "    <tr>\n",
       "      <th>2026-02-27 00:00:00+05:30</th>\n",
       "      <td>0.075682</td>\n",
       "      <td>0.002324</td>\n",
       "      <td>0.055090</td>\n",
       "      <td>0.009300</td>\n",
       "      <td>-0.277423</td>\n",
       "    </tr>\n",
       "    <tr>\n",
       "      <th>...</th>\n",
       "      <td>...</td>\n",
       "      <td>...</td>\n",
       "      <td>...</td>\n",
       "      <td>...</td>\n",
       "      <td>...</td>\n",
       "    </tr>\n",
       "    <tr>\n",
       "      <th>2025-05-12 00:00:00+05:30</th>\n",
       "      <td>0.005331</td>\n",
       "      <td>0.023514</td>\n",
       "      <td>0.023333</td>\n",
       "      <td>0.022799</td>\n",
       "      <td>0.698185</td>\n",
       "    </tr>\n",
       "    <tr>\n",
       "      <th>2025-05-09 00:00:00+05:30</th>\n",
       "      <td>-0.042745</td>\n",
       "      <td>-0.027537</td>\n",
       "      <td>-0.036971</td>\n",
       "      <td>-0.030205</td>\n",
       "      <td>-0.299362</td>\n",
       "    </tr>\n",
       "    <tr>\n",
       "      <th>2025-05-08 00:00:00+05:30</th>\n",
       "      <td>0.040792</td>\n",
       "      <td>0.048544</td>\n",
       "      <td>0.020633</td>\n",
       "      <td>0.012325</td>\n",
       "      <td>1.484531</td>\n",
       "    </tr>\n",
       "    <tr>\n",
       "      <th>2025-05-07 00:00:00+05:30</th>\n",
       "      <td>-0.064839</td>\n",
       "      <td>0.017747</td>\n",
       "      <td>-0.045070</td>\n",
       "      <td>0.019908</td>\n",
       "      <td>1.629241</td>\n",
       "    </tr>\n",
       "    <tr>\n",
       "      <th>2025-05-06 00:00:00+05:30</th>\n",
       "      <td>0.131425</td>\n",
       "      <td>0.009856</td>\n",
       "      <td>0.038001</td>\n",
       "      <td>-0.024681</td>\n",
       "      <td>0.550059</td>\n",
       "    </tr>\n",
       "  </tbody>\n",
       "</table>\n",
       "<p>210 rows × 5 columns</p>\n",
       "</div>"
      ],
      "text/plain": [
       "                               Open      High       Low     Close    Volume\n",
       "Date                                                                       \n",
       "2026-03-06 00:00:00+05:30  0.068065  0.019215  0.020604 -0.013064 -0.479092\n",
       "2026-03-05 00:00:00+05:30  0.005161  0.008674  0.015895  0.015617  1.277000\n",
       "2026-03-04 00:00:00+05:30  0.000143  0.000355  0.000000  0.026360 -0.044330\n",
       "2026-03-02 00:00:00+05:30 -0.071948  0.008809 -0.034925  0.004923  0.191355\n",
       "2026-02-27 00:00:00+05:30  0.075682  0.002324  0.055090  0.009300 -0.277423\n",
       "...                             ...       ...       ...       ...       ...\n",
       "2025-05-12 00:00:00+05:30  0.005331  0.023514  0.023333  0.022799  0.698185\n",
       "2025-05-09 00:00:00+05:30 -0.042745 -0.027537 -0.036971 -0.030205 -0.299362\n",
       "2025-05-08 00:00:00+05:30  0.040792  0.048544  0.020633  0.012325  1.484531\n",
       "2025-05-07 00:00:00+05:30 -0.064839  0.017747 -0.045070  0.019908  1.629241\n",
       "2025-05-06 00:00:00+05:30  0.131425  0.009856  0.038001 -0.024681  0.550059\n",
       "\n",
       "[210 rows x 5 columns]"
      ]
     },
     "execution_count": 68,
     "metadata": {},
     "output_type": "execute_result"
    }
   ],
   "source": [
    "return_series = df.pct_change().dropna()\n",
    "return_series"
   ]
  },
  {
   "cell_type": "code",
   "execution_count": 69,
   "id": "bdcc5bf1-b0c2-4e59-a98e-2e3dd4d3ffb1",
   "metadata": {},
   "outputs": [],
   "source": [
    "return_arr = return_series.to_numpy()"
   ]
  },
  {
   "cell_type": "code",
   "execution_count": 70,
   "id": "ccba4f72-4dbf-4d10-8092-d92eefaa3b2d",
   "metadata": {},
   "outputs": [
    {
     "data": {
      "text/plain": [
       "array([[ 6.80652324e-02,  1.92153138e-02,  2.06042900e-02,\n",
       "        -1.30642202e-02, -4.79092431e-01],\n",
       "       [ 5.16129032e-03,  8.67383513e-03,  1.58945386e-02,\n",
       "         1.56168662e-02,  1.27700036e+00],\n",
       "       [ 1.42633005e-04,  3.55340772e-04,  0.00000000e+00,\n",
       "         2.63601084e-02, -4.43297615e-02],\n",
       "       ...,\n",
       "       [ 4.07923451e-02,  4.85436893e-02,  2.06325047e-02,\n",
       "         1.23251166e-02,  1.48453077e+00],\n",
       "       [-6.48387097e-02,  1.77469136e-02, -4.50704225e-02,\n",
       "         1.99078644e-02,  1.62924089e+00],\n",
       "       [ 1.31424629e-01,  9.85595148e-03,  3.80010411e-02,\n",
       "        -2.46814002e-02,  5.50058831e-01]], shape=(210, 5))"
      ]
     },
     "execution_count": 70,
     "metadata": {},
     "output_type": "execute_result"
    }
   ],
   "source": [
    "return_arr"
   ]
  },
  {
   "cell_type": "code",
   "execution_count": 71,
   "id": "7c8e3525-cdc8-4473-9e46-ab5433360848",
   "metadata": {},
   "outputs": [
    {
     "name": "stdout",
     "output_type": "stream",
     "text": [
      "Covariance matrix:\n",
      " [[ 9.67415447e-04  2.86134062e-04  4.37503897e-04  9.82590896e-06\n",
      "  -6.45466818e-03]\n",
      " [ 2.86134062e-04  8.51612356e-04  3.59932755e-04  6.20557087e-04\n",
      "   1.16616945e-02]\n",
      " [ 4.37503897e-04  3.59932755e-04  7.12368508e-04  4.16391296e-04\n",
      "  -7.01708805e-03]\n",
      " [ 9.82590896e-06  6.20557087e-04  4.16391296e-04  8.43776671e-04\n",
      "   5.58169168e-03]\n",
      " [-6.45466818e-03  1.16616945e-02 -7.01708805e-03  5.58169168e-03\n",
      "   3.88199869e+00]]\n",
      "Correlation matrix: \n",
      " [[ 1.          0.31524055  0.5270151   0.01087558 -0.105327  ]\n",
      " [ 0.31524055  1.          0.46211284  0.73206055  0.20282103]\n",
      " [ 0.5270151   0.46211284  1.          0.53707573 -0.13343719]\n",
      " [ 0.01087558  0.73206055  0.53707573  1.          0.09752689]\n",
      " [-0.105327    0.20282103 -0.13343719  0.09752689  1.        ]]\n"
     ]
    }
   ],
   "source": [
    "cov_matrix = np.cov(return_arr, rowvar=False)\n",
    "corr_matrix = np.corrcoef(return_arr, rowvar= False)\n",
    "print(\"Covariance matrix:\\n\",cov_matrix)\n",
    "print(\"Correlation matrix: \\n\", corr_matrix)"
   ]
  },
  {
   "cell_type": "code",
   "execution_count": 72,
   "id": "7de09336-9b3e-4c69-b3ca-b49daae4595e",
   "metadata": {},
   "outputs": [
    {
     "name": "stdout",
     "output_type": "stream",
     "text": [
      "Covariance matrix:\n",
      "             Open      High       Low     Close    Volume\n",
      "Open    0.000967  0.000286  0.000438  0.000010 -0.006455\n",
      "High    0.000286  0.000852  0.000360  0.000621  0.011662\n",
      "Low     0.000438  0.000360  0.000712  0.000416 -0.007017\n",
      "Close   0.000010  0.000621  0.000416  0.000844  0.005582\n",
      "Volume -0.006455  0.011662 -0.007017  0.005582  3.881999\n",
      "Correlation matrix:\n",
      "             Open      High       Low     Close    Volume\n",
      "Open    1.000000  0.315241  0.527015  0.010876 -0.105327\n",
      "High    0.315241  1.000000  0.462113  0.732061  0.202821\n",
      "Low     0.527015  0.462113  1.000000  0.537076 -0.133437\n",
      "Close   0.010876  0.732061  0.537076  1.000000  0.097527\n",
      "Volume -0.105327  0.202821 -0.133437  0.097527  1.000000\n"
     ]
    }
   ],
   "source": [
    "cols = ['Open', 'High', 'Low', 'Close', 'Volume']\n",
    "\n",
    "cov_df = pd.DataFrame(cov_matrix, index = cols, columns = cols)\n",
    "corr_df = pd.DataFrame(corr_matrix, index = cols, columns = cols)\n",
    "print(\"Covariance matrix:\\n\",cov_df)\n",
    "print(\"Correlation matrix:\\n\",corr_df)"
   ]
  },
  {
   "cell_type": "code",
   "execution_count": 73,
   "id": "d61f46cf-2032-4fce-b016-c2d144260147",
   "metadata": {},
   "outputs": [
    {
     "data": {
